24060
24190
24320
24450
24580
24581
24582
24583
24584
24585
24586
24587
24588
24589
24590
24591
24592
24593
24594
24595
24596
24597
24598
24599
24600
24601
24602
24603
24604
24605
24606
24736
24737
24738
24739
24740
24741
24742
24743
24744
24874
25004
25134
25135
25136
25137
25138
25139
25140
25141
25142
25143
25144
25145
25146
25147
25148
25278
25408
25538
25668
25798
25799
25800
25801
25802
25803
25804
25805
25806
25807
25808
25809
25810
25811
25812
25813
25814
25815
25816
25817
25818
25819
25820
25821
25822
25823
25824
42664
42773
42882
42990
43098
43205
43311
43416
43520
43624
43728
43831
43933
44034
44134
44233
44331
44428
44524
44619
44713
44807
44900
44992
45083
45171
45259
45346
45432
45517
45601
45684
45766
45847
45927
46006
46084
46161
46237
46312
46385
46457
46529
46600
46670
46739
46807
46874
46940
47005
47070
47135
47200
47265
47330
47395
47460
47525
47590
47655
47720
47785
47849
47913
47979
48045
48110
48175
48240
48305
48370
48435
48500
48565
48630
48695
48760
48825
48890
48955
49021
49088
49156
49225
49295
49366
49439
49513
49587
49662
49738
49815
49893
49972
50052
50133
50215
50298
50382
50467
50553
50640
50728
50817
50906
50996
51087
51179
51273
51368
51464
51561
51659
51758
51858
51959
52061
52164
52268
52372
52476
52581
52687
52794
52901
53009
53117
28791
28790
28789
28788
28787
28786
28785
28784
28783
28782
28781
28780
28779
28778
28777
28776
28775
28774
28773
28772
28771
28770
28769
28768
28767
28766
28894
29022
29150
29278
29406
29534
29533
29532
29531
29530
29529
29528
29527
29526
29525
29524
29523
29522
29521
29520
29648
29776
29904
29903
29902
29901
29900
29899
29898
29897
29896
30024
30023
30022
30021
30020
30019
30018
30017
30016
30015
30014
30013
30012
30011
30010
30009
30008
30007
30006
30005
30004
30003
30002
30001
30000
30128
30256
30384
30512
30640
30639
30638
30637
30636
30635
30634
30633
30632
30631
30630
30629
30628
30627
30626
30625
30624
30623
30622
30621
30620
30619
30618
30746
30874
31002
31130
31258
31257
31256
31255
31254
31253
31252
31251
31250
31249
31248
31247
31246
31245
31244
31243
42622
42573
42525
42478
42432
42387
42343
42299
42255
42213
42172
42131
42090
42049
42009
41970
41932
41894
41856
41819
41782
41745
41709
41674
41639
41604
41570
41537
41504
41472
41440
41407
41375
41343
41311
41280
41249
41218
41188
41158
41128
41099
41070
41041
41013
40985
40957
40929
40901
40874
40847
40820
40793
40766
40739
40712
40686
40660
40634
40608
40582
40556
40530
40503
40478
40452
40426
40400
40374
40348
40322
40296
40270
40243
40216
40189
40162
40135
40108
40081
40053
40025
39997
39969
39941
39912
39883
39854
39824
39794
39764
39733
39702
39671
39639
39607
39575
39541
39507
39473
39438
39404
39370
39335
39300
39265
39229
39192
39155
39118
39080
39042
39004
38965
38925
38884
38843
38801
38758
38715
38671
38627
38583
38538
38492
38445
38397
23245
23246
23247
23248
23249
23250
23251
23252
23253
23254
23255
23256
23257
23258
23259
23260
23390
23520
23650
23780
23910
24040
24041
24042
24043
24044
24045
24046
24047
24048
24049
24050
24051
24052
24053
24054
24055
24056
24057
24058
24059